0,45,0.01,-315,Loss
1,110,0.01,-280,Loss
2,84,0.02,-164,Loss
3,41,0.03,-441,Loss
4,122,0.01,-122,Loss
5,74,0.02,-274,Loss
6,210,0.02,-360,Loss
7,74,0.03,-144,Loss
8,25,0.02,-315,Loss
9,153,0.01,-263,Loss
10,24,0.02,-314,Loss
11,77,0.02,-287,Loss
12,23,0.02,-323,Loss
13,24,0.02,-314,Loss
14,45,0.01,-325,Loss
15,18,0.03,-418,Loss
16,18,0.03,-418,Loss
17,137,0.02,-217,Loss
18,62,0.02,-342,Loss
19,102,0.03,-392,Loss
20,16,0.03,-416,Loss
21,23,0.02,-323,Loss
22,23,0.02,-323,Loss
23,83,0.02,-223,Loss
24,59,0.01,-259,Loss
25,27,0.02,-367,Loss
26,60,0.02,-280,Loss
27,30,0.02,-310,Loss
28,24,0.02,-314,Loss
29,47,0.02,-317,Loss
30,59,0.02,-299,Loss
31,90,0.03,-380,Loss
32,66,0.02,-366,Loss
33,32,0.02,-332,Loss
34,102,0.03,-392,Loss
35,59,0.01,-249,Loss
36,25,0.02,-315,Loss
37,47,0.02,-317,Loss
38,25,0.02,-315,Loss
39,51,0.01,-291,Loss
40,26,0.02,-326,Loss
41,24,0.02,-314,Loss
42,135,0.03,-425,Loss
43,24,0.02,-314,Loss
44,74,0.02,-344,Loss
45,27,0.02,-327,Loss
46,68,0.02,-68,Loss
47,89,0.03,-359,Loss
48,89,0.02,-259,Loss
49,23,0.02,-323,Loss
50,78,0.02,-118,Loss
51,95,0.03,-185,Loss
52,96,0.02,-306,Loss
53,60,0.02,-250,Loss
54,50,0.02,-320,Loss
55,25,0.02,-315,Loss
56,323,0.03,-293,Loss
57,228,0.02,-308,Loss
58,41,0.02,-321,Loss
59,44,0.02,-314,Loss
60,231,0.02,-291,Loss
61,57,0.02,-127,Loss
62,468,0.02,-708,Loss
63,99,0.01,-329,Loss
64,195,0.02,-455,Loss
65,226,0.02,-246,Loss
66,222,0.02,-482,Loss
67,151,0.02,-421,Loss
68,67,0.03,-207,Loss
69,36,0.02,-296,Loss
70,239,0.02,-499,Loss
71,32,0.02,-282,Loss
72,510,0.02,-730,Loss
73,100,0.03,-440,Loss
74,204,0.02,-474,Loss
75,92,0.01,-372,Loss
76,126,0.03,-396,Loss
77,163,0.03,-423,Loss
78,129,0.01,-359,Loss
79,51,0.01,-311,Loss
80,158,0.03,-378,Loss
81,113,0.02,-173,Loss
82,109,0.01,-359,Loss
83,183,0.01,-443,Loss
84,161,0.03,-401,Loss
85,99,0.03,-439,Loss
86,35,0.02,-295,Loss
87,32,0.02,-312,Loss
88,84,0.02,-344,Loss
89,168,0.02,-418,Loss
90,398,0.02,-648,Loss
91,341,0.01,-401,Loss
92,189,0.02,-419,Loss
93,132,0.01,-162,Loss
94,114,0.03,-414,Loss
95,32,0.01,-282,Loss
96,343,0.02,-563,Loss
97,97,0.03,-437,Loss
98,116,0.02,-346,Loss
99,112,0.03,-352,Loss
100,147,0.02,-407,Loss
101,360,0.02,-150,Loss
102,144,0.03,-374,Loss
103,56,0.03,-186,Loss
104,182,0.01,-392,Loss
105,75,0.02,-305,Loss
106,26,0.02,-306,Loss
107,187,0.02,-447,Loss
108,97,0.02,-397,Loss
109,20,0.02,-370,Loss
110,98,0.03,-428,Loss
111,149,0.02,-199,Loss
112,330,0.02,-580,Loss
113,231,0.01,-241,Loss
114,230,0.03,-480,Loss
115,377,0.02,-597,Loss
116,77,0.02,-347,Loss
117,114,0.02,-344,Loss
118,455,0.01,-705,Loss
119,101,0.02,-341,Loss
120,252,0.02,-462,Loss
121,373,0.01,-433,Loss
122,32,0.02,-282,Loss
123,148,0.03,-378,Loss
124,35,0.02,-295,Loss
125,174,0.02,-434,Loss
126,62,0.02,-312,Loss
127,79,0.01,-329,Loss
128,170,0.03,-400,Loss
129,155,0.03,-495,Loss
130,110,0.04,-340,Loss
131,167,0.02,-417,Loss
132,118,0.03,-388,Loss
133,151,0.02,-381,Loss
134,35,0.02,-295,Loss
135,196,0.02,-466,Loss
136,27,0.02,-297,Loss
137,69,0.02,-329,Loss
138,92,0.01,-342,Loss
139,371,0.01,-601,Loss
140,118,0.02,-388,Loss
141,102,0.03,-362,Loss
142,222,0.02,-202,Loss
143,182,0.02,-402,Loss
144,162,0.02,-432,Loss
145,188,0.02,-418,Loss
146,100,0.03,-370,Loss
147,339,0.02,-559,Loss
148,91,0.02,-161,Loss
149,223,0.02,-483,Loss
150,122,0.03,-382,Loss
151,36,0.03,-376,Loss
152,288,0.02,-548,Loss
153,155,0.02,-415,Loss
154,100,0.03,-370,Loss
155,185,0.02,-425,Loss
156,86,0.01,-336,Loss
157,209,0.02,-469,Loss
158,142,0.02,-412,Loss
159,56,0.02,-336,Loss
160,316,0.02,-536,Loss
161,155,0.02,-425,Loss
162,134,0.01,-384,Loss
163,423,0.03,-653,Loss
164,37,0.03,-177,Loss
165,62,0.01,-312,Loss
166,199,0.02,-419,Loss
167,197,0.02,-457,Loss
168,145,0.02,-415,Loss
169,82,0.03,-422,Loss
170,89,0.02,-329,Loss
171,309,0.02,-529,Loss
172,57,0.02,-317,Loss
173,199,0.02,-419,Loss
174,50,0.01,-270,Loss
175,75,0.02,-135,Loss
176,127,0.03,-387,Loss
177,74,0.02,-334,Loss
178,92,0.03,-322,Loss
179,140,0.03,-470,Loss
180,251,0.02,-481,Loss
181,50,0.01,-300,Loss
182,90,0.02,-150,Loss
183,103,0.04,-333,Loss
184,118,0.02,-388,Loss
185,50,0.01,-300,Loss
186,302,0.02,-552,Loss
187,110,0.03,-340,Loss
188,132,0.03,-202,Loss
189,464,0.01,-714,Loss
190,86,0.02,-126,Loss
191,152,0.02,-412,Loss
192,210,0.02,-470,Loss
193,131,0.02,-391,Loss
194,234,0.02,-484,Loss
195,364,0.01,-624,Loss
196,131,0.01,-351,Loss
197,50,0.01,-300,Loss
198,303,0.01,-343,Loss
199,68,0.02,-318,Loss
200,249,0.02,-519,Loss
201,167,0.02,-407,Loss
202,281,0.02,-501,Loss
203,70,0.02,-330,Loss
204,60,0.02,-310,Loss
205,212,0.02,-462,Loss
206,154,0.02,-404,Loss
207,306,0.02,-526,Loss
208,218,0.02,-448,Loss
209,150,0.02,-410,Loss
210,499,0.02,-719,Loss
211,146,0.01,-356,Loss
212,182,0.02,-232,Loss
213,133,0.03,-403,Loss
214,259,0.02,-519,Loss
215,174,0.02,-434,Loss
216,83,0.03,-423,Loss
217,189,0.02,-409,Loss
218,32,0.02,-282,Loss
219,75,0.01,-315,Loss
220,59,0.02,-309,Loss
221,36,0.02,-286,Loss
222,100,0.03,-370,Loss
223,82,0.03,-422,Loss
224,254,0.02,-504,Loss
225,305,0.01,-355,Loss
226,111,0.03,-161,Loss
227,55,0.02,-125,Loss
228,204,0.02,-464,Loss
229,621,0.01,-861,Loss
230,120,0.03,-390,Loss
231,62,0.02,-312,Loss
232,115,0.03,-385,Loss
233,205,0.02,-475,Loss
234,115,0.03,-385,Loss
235,408,0.01,-668,Loss
236,132,0.01,-362,Loss
237,504,0.02,-724,Loss
238,178,0.03,-408,Loss
239,71,0.01,-331,Loss
240,35,0.02,-295,Loss
241,242,0.02,-492,Loss
242,181,0.02,-401,Loss
243,60,0.02,-330,Loss
244,138,0.02,-368,Loss
245,160,0.02,-430,Loss
246,68,0.01,-288,Loss
247,26,0.02,-306,Loss
248,168,0.02,-428,Loss
249,149,0.02,-409,Loss
250,135,0.01,-395,Loss
251,224,0.02,-474,Loss
252,68,0.01,-348,Loss
253,446,0.02,-666,Loss
254,87,0.01,-307,Loss
255,166,0.03,-186,Loss
256,32,0.02,-282,Loss
257,37,0.02,-287,Loss
258,192,0.03,-452,Loss
259,433,0.02,-643,Loss
260,121,0.03,-391,Loss
261,140,0.03,-370,Loss
262,334,0.02,-584,Loss
263,203,0.02,-463,Loss
264,35,0.02,-295,Loss
265,235,0.02,-465,Loss
266,101,0.01,-321,Loss
267,177,0.01,-397,Loss
268,75,0.02,-335,Loss
269,225,0.02,-465,Loss
270,20,0.03,-370,Loss
271,266,0.03,-526,Loss
272,84,0.04,-424,Loss
273,63,0.02,-293,Loss
274,102,0.03,-372,Loss
275,244,0.02,-504,Loss
276,75,0.02,-325,Loss
277,206,0.02,-466,Loss
278,209,0.02,-459,Loss
279,273,0.02,-493,Loss
280,311,0.02,-581,Loss
281,272,0.02,-492,Loss
282,53,0.01,-313,Loss
283,37,0.02,-297,Loss
284,53,0.02,-313,Loss
285,287,0.02,-307,Loss
286,123,0.04,-463,Loss
287,58,0.03,-298,Loss
288,39,0.04,-179,Loss
289,218,0.01,-468,Loss
290,35,0.02,-295,Loss
291,288,0.02,-308,Loss
292,117,0.03,-177,Loss
293,172,0.02,-442,Loss
294,116,0.04,-376,Loss
295,181,0.03,-411,Loss
296,214,0.02,-484,Loss
297,116,0.03,-376,Loss
298,149,0.03,-389,Loss
299,245,0.03,-475,Loss
300,85,0.03,-425,Loss
301,207,0.02,-467,Loss
302,337,0.02,-547,Loss
303,39,0.03,-179,Loss
304,133,0.02,-353,Loss
305,74,0.01,-324,Loss
306,80,0.01,-360,Loss
307,97,0.03,-437,Loss
308,139,0.04,-399,Loss
309,189,0.02,-409,Loss
310,361,0.02,-571,Loss
311,38,0.02,-298,Loss
312,271,0.02,-501,Loss
313,33,0.02,-293,Loss
314,485,0.01,-735,Loss
315,194,0.02,-434,Loss
316,259,0.02,-529,Loss
317,137,0.01,-397,Loss
318,120,0.03,-390,Loss
319,149,0.02,-379,Loss
320,106,0.03,-376,Loss
321,178,0.03,-418,Loss
322,196,0.02,-406,Loss
323,120,0.03,-380,Loss
324,342,0.02,-592,Loss
325,174,0.02,-434,Loss
326,125,0.03,-385,Loss
327,145,0.02,-415,Loss
328,68,0.02,-108,Loss
329,151,0.03,-421,Loss
330,124,0.02,-144,Loss
331,128,0.03,-388,Loss
332,164,0.02,-414,Loss
333,188,0.01,-418,Loss
334,35,0.02,-295,Loss
335,39,0.02,-289,Loss
336,210,0.02,-470,Loss
337,124,0.01,-384,Loss
338,35,0.01,-295,Loss
339,211,0.02,-441,Loss
340,344,0.02,-564,Loss
341,152,0.02,-382,Loss
342,148,0.02,-168,Loss
343,385,0.01,-635,Loss
344,60,0.02,-330,Loss
345,316,0.02,-576,Loss
346,37,0.01,-287,Loss
347,104,0.01,-354,Loss
348,287,0.02,-517,Loss
349,289,0.02,-509,Loss
350,278,0.02,-498,Loss
351,176,0.02,-406,Loss
352,403,0.02,-623,Loss
353,304,0.01,-524,Loss
354,212,0.02,-432,Loss
355,142,0.02,-412,Loss
356,137,0.02,-397,Loss
357,142,0.02,-412,Loss
358,152,0.02,-412,Loss
359,187,0.02,-457,Loss
360,252,0.01,-522,Loss
361,32,0.02,-282,Loss
362,85,0.03,-425,Loss
363,188,0.01,-438,Loss
364,113,0.03,-453,Loss
365,235,0.01,-455,Loss
366,144,0.02,-404,Loss
367,524,0.02,-774,Loss
368,350,0.02,-600,Loss
369,20,0.02,-370,Loss
370,155,0.02,-425,Loss
371,102,0.03,-362,Loss
372,398,0.01,-658,Loss
373,219,0.02,-449,Loss
374,128,0.02,-388,Loss
375,156,0.03,-426,Loss
376,120,0.03,-380,Loss
377,243,0.01,-513,Loss
378,159,0.02,-419,Loss
379,39,0.03,-329,Loss
380,12,0.02,-402,Loss
381,96,0.02,-356,Loss
382,90,0.02,-350,Loss
383,11,0.02,-401,Loss
384,53,0.02,-323,Loss
385,18,0.02,-388,Loss
386,18,0.02,-388,Loss
387,11,0.02,-401,Loss
388,164,0.02,-414,Loss
389,11,0.02,-411,Loss
390,12,0.02,-412,Loss
391,79,0.02,-139,Loss
392,47,0.03,-297,Loss
393,12,0.02,-402,Loss
394,36,0.02,-306,Loss
395,31,0.03,-361,Loss
396,12,0.02,-402,Loss
397,33,0.03,-303,Loss
398,64,0.02,-124,Loss
399,12,0.02,-402,Loss
400,36,0.02,-306,Loss
401,11,0.02,-401,Loss
402,99,0.03,-359,Loss
403,48,0.02,-318,Loss
404,37,0.02,-297,Loss
405,11,0.02,-411,Loss
406,12,0.02,-402,Loss
407,12,0.02,-412,Loss
408,150,0.02,-400,Loss
409,44,0.03,-344,Loss
410,11,0.02,-401,Loss
411,48,0.03,-318,Loss
412,30,0.02,-300,Loss
413,12,0.02,-402,Loss
414,12,0.02,-402,Loss
415,99,0.03,-379,Loss
416,29,0.02,-299,Loss
417,11,0.02,-401,Loss
418,20,0.04,-370,Loss
419,120,0.02,-380,Loss
420,12,0.02,-402,Loss
421,11,0.02,-411,Loss
422,29,0.01,-299,Loss
423,147,0.02,-407,Loss
424,12,0.02,-412,Loss
425,18,0.03,-388,Loss
426,29,0.02,-299,Loss
427,54,0.02,-304,Loss
428,11,0.02,-401,Loss
429,23,0.03,-373,Loss
430,81,0.02,-141,Loss
431,11,0.02,-411,Loss
432,11,0.02,-411,Loss
433,147,0.03,-207,Loss
434,18,0.02,-388,Loss
435,18,0.02,-388,Loss
436,72,0.02,-132,Loss
437,27,0.01,-297,Loss
438,132,0.02,-192,Loss
439,29,0.02,-299,Loss
440,11,0.02,-411,Loss
441,36,0.03,-356,Loss
442,288,0.02,-538,Loss
443,18,0.03,-388,Loss
444,42,0.02,-112,Loss
445,46,0.03,-106,Loss
446,81,0.03,-141,Loss
447,165,0.02,-215,Loss
448,11,0.02,-401,Loss
449,42,0.03,-312,Loss
450,83,0.02,-343,Loss
451,12,0.02,-402,Loss
452,93,0.03,-353,Loss
453,27,0.01,-297,Loss
454,75,0.02,-335,Loss
455,37,0.03,-147,Loss
456,17,0.04,-367,Loss
457,36,0.03,-216,Loss
458,55,0.03,-135,Loss
459,12,0.02,-412,Loss
460,33,0.02,-303,Loss
461,83,0.02,-143,Loss
462,14,0.02,-404,Loss
463,39,0.02,-369,Loss
464,147,0.02,-407,Loss
465,12,0.02,-402,Loss
466,50,0.02,-310,Loss
467,29,0.02,-299,Loss
468,45,0.01,-305,Loss
469,27,0.02,-357,Loss
470,39,0.02,-299,Loss
471,11,0.02,-401,Loss
472,18,0.03,-388,Loss
473,11,0.02,-401,Loss
474,173,0.02,-433,Loss
475,110,0.03,-160,Loss
476,49,0.03,-129,Loss
477,11,0.02,-401,Loss
478,33,0.02,-323,Loss
479,42,0.03,-332,Loss
480,29,0.02,-299,Loss
481,11,0.02,-401,Loss
482,60,0.03,-330,Loss
483,95,0.02,-345,Loss
484,78,0.02,-148,Loss
485,11,0.02,-411,Loss
486,53,0.03,-313,Loss
487,159,0.02,-209,Loss
488,58,0.02,-108,Loss
489,40,0.02,-100,Loss
490,108,0.03,-368,Loss
491,45,0.01,-315,Loss
492,33,0.03,-353,Loss
493,118,0.03,-168,Loss
494,17,0.02,-407,Loss
495,33,0.02,-303,Loss
496,18,0.03,-388,Loss
497,47,0.02,-317,Loss
498,71,0.02,-341,Loss
499,18,0.02,-388,Loss
500,54,0.02,-134,Loss
501,66,0.02,-326,Loss
502,15,0.02,-425,Loss
503,11,0.03,-401,Loss
504,11,0.03,-401,Loss
505,14,0.02,-384,Loss
506,11,0.03,-401,Loss
507,8,0.03,-438,Loss
508,8,0.03,-438,Loss
509,8,0.03,-438,Loss
510,8,0.03,-438,Loss
511,8,0.03,-438,Loss
512,9,0.02,-429,Loss
513,47,0.04,-427,Loss
514,9,0.02,-429,Loss
515,8,0.03,-438,Loss
516,21,0.02,-421,Loss
517,62,0.04,-452,Loss
518,8,0.03,-438,Loss
519,35,0.04,-415,Loss
520,23,0.04,-403,Loss
521,21,0.03,-411,Loss
522,9,0.03,-429,Loss
523,8,0.03,-438,Loss
524,17,0.04,-407,Loss
525,26,0.02,-376,Loss
526,27,0.02,-367,Loss
527,8,0.03,-438,Loss
528,8,0.03,-438,Loss
529,59,0.03,-439,Loss
530,21,0.04,-411,Loss
531,30,0.02,-380,Loss
532,14,0.02,-384,Loss
533,8,0.03,-438,Loss
534,8,0.03,-438,Loss
535,17,0.04,-397,Loss
536,9,0.03,-429,Loss
537,8,0.03,-438,Loss
538,71,0.04,-451,Loss
539,51,0.06,-381,Loss
540,9,0.02,-429,Loss
541,8,0.03,-438,Loss
542,51,0.03,-431,Loss
543,23,0.02,-383,Loss
544,8,0.03,-438,Loss
545,48,0.04,-428,Loss
546,27,0.01,-307,Loss
547,9,0.03,-429,Loss
548,47,0.02,-407,Loss
549,39,0.03,-399,Loss
550,9,0.03,-429,Loss
551,9,0.03,-429,Loss
552,75,0.04,-445,Loss
553,20,0.02,-380,Loss
554,8,0.03,-438,Loss
555,15,0.02,-405,Loss
556,8,0.03,-438,Loss
557,39,0.03,-389,Loss
558,11,0.04,-401,Loss
559,14,0.02,-384,Loss
560,59,0.04,-439,Loss
561,9,0.02,-429,Loss
562,47,0.04,-437,Loss
563,11,0.03,-401,Loss
564,14,0.03,-404,Loss
565,8,0.03,-438,Loss
566,8,0.03,-438,Loss
567,17,0.05,-397,Loss
568,8,0.03,-438,Loss
569,8,0.03,-438,Loss
570,8,0.03,-438,Loss
571,17,0.03,-407,Loss
572,17,0.04,-407,Loss
573,35,0.04,-425,Loss
574,23,0.03,-383,Loss
575,15,0.02,-405,Loss
576,8,0.03,-438,Loss
577,11,0.03,-401,Loss
578,8,0.03,-438,Loss
579,51,0.03,-401,Loss
580,26,0.03,-406,Loss
581,14,0.03,-404,Loss
582,81,0.04,-461,Loss
583,11,0.03,-401,Loss
584,38,0.04,-418,Loss
585,9,0.03,-429,Loss
586,29,0.02,-379,Loss
587,35,0.02,-385,Loss
588,8,0.03,-438,Loss
589,8,0.03,-438,Loss
590,32,0.01,-302,Loss
591,11,0.02,-431,Loss
592,8,0.03,-438,Loss
593,80,0.03,-420,Loss
594,42,0.02,-382,Loss
595,43,0.03,-303,Loss
596,47,0.02,-317,Loss
597,18,0.03,-388,Loss
598,12,0.02,-412,Loss
